time_received:1591187809.253959 ping seq:100000 ip:0.0.0.0:6008 tp:tpf_ms_com_entry begin 16 0 12 0 50 end
time_received:1591187809.472457 ping seq:100001 ip:0.0.0.0:6008 tp:tpf_ms_com_entry begin 16 0 12 0 50 end
