time_send:1591187809.251935 ping seq:100000 ip:0.0.0.0:6008 tp:tpf_ms_com_entry begin 16 0 12 0 50 end
time_send:1591187809.471484 ping seq:100001 ip:0.0.0.0:6008 tp:tpf_ms_com_entry begin 16 0 12 0 50 end
